level1
e300 750 50 50 .075
level2
e400 200 50 50 .075
p300 500 150 50
level3
e300 750 50 50 .075
e400 200 50 50 .075
p300 500 150 50
level4
e300 750 50 50 .075
e400 200 50 50 .075
p300 500 150 50
e550 200 50 50 .075
p500 400 150 50
level5
b400 200 100 100 .075
level6
e300 750 40 40 .075
level7
e400 200 40 40 .075
p300 500 150 50
level8
e300 750 40 40 .075
e400 200 40 40 .075
p300 500 150 50
level9
e300 750 40 40 .075
e400 200 40 40 .075
p300 500 150 50
e550 200 40 40 .075
p500 400 150 50
level10
b400 200 150 150 .075
level11
e300 750 30 30 .075
level12
e400 200 30 30 .075
p300 500 150 50
level13
e300 750 30 30 .075
e400 200 30 30 .075
p300 500 150 50
level14
e300 750 30 30 .075
e400 200 30 30 .075
p300 500 150 50
e550 200 30 30 .075
p500 400 150 50
level15
b400 200 200 200 .075
level16
e300 750 60 60 .075
level17
e400 200 60 60 .075
p300 500 150 50
level18
e300 750 60 60 .075
e400 200 60 60 .075
p300 500 150 50
level19
e300 750 60 60 .075
e400 200 60 60 .075
p300 500 150 50
e550 200 60 60 .075
p500 400 150 50
level20
b400 200 250 250 .075
level21
e300 750 70 70 .075
level22
e400 200 70 70 .075
p300 500 150 50
level23
e300 750 70 70 .075
e400 200 70 70 .075
p300 500 150 50
level24
e300 750 70 70 .075
e400 200 70 70 .075
p300 500 150 50
e550 200 70 70 .075
p500 400 150 50
level25
b400 200 300 300 .075
level26
b400 200 350 350 .075